1   0
10   1
105   2
108   3
11   4
115   5
117   6
118   7
12   8
123   9
13   10
133   11
136   12
137   13
15   14
155   15
156   16
16   17
160   18
163   19
164   20
167   21
169   22
170   23
171   24
174   25
175   26
176   27
177   28
182   29
190   30
192   31
194   32
196   33
202   34
204   35
207   36
208   37
209   38
21   39
212   40
213   41
214   42
216   43
224   44
234   45
235   46
24   47
25   48
254   49
256   50
260   51
262   52
263   53
264   54
268   55
274   56
280   57
286   58
287   59
288   60
29   61
290   62
291   63
292   64
297   65
304   66
307   67
308   68
31   69
313   70
315   71
316   72
32   73
327   74
33   75
335   76
336   77
338   78
342   79
343   80
345   81
348   82
349   83
351   84
354   85
355   86
358   87
363   88
365   89
366   90
367   91
375   92
377   93
385   94
387   95
39   96
392   97
394   98
403   99
412   100
417   101
419   102
420   103
424   104
426   105
43   106
430   107
434   108
437   109
443   110
447   111
454   112
455   113
457   114
458   115
463   116
468   117
473   118
477   119
479   120
48   121
489   122
497   123
505   124
508   125
520   126
522   127
538   128
542   129
543   130
544   131
545   132
548   133
550   134
551   135
552   136
558   137
56   138
560   139
568   140
586   141
587   142
588   143
60   144
62   145
64   146
66   147
75   148
85   149
86   150
93   151
94   152
