1   0
10   1
100   2
101   3
102   4
104   5
105   6
106   7
107   8
108   9
109   10
11   11
110   12
111   13
112   14
113   15
114   16
115   17
116   18
117   19
118   20
119   21
12   22
120   23
121   24
123   25
124   26
125   27
126   28
127   29
128   30
129   31
13   32
130   33
131   34
132   35
133   36
134   37
135   38
136   39
137   40
139   41
14   42
140   43
141   44
142   45
143   46
144   47
145   48
146   49
148   50
149   51
15   52
151   53
152   54
153   55
154   56
155   57
156   58
157   59
158   60
159   61
16   62
160   63
162   64
163   65
164   66
165   67
167   68
168   69
169   70
170   71
171   72
172   73
173   74
174   75
175   76
176   77
177   78
179   79
18   80
181   81
182   82
183   83
184   84
185   85
186   86
187   87
188   88
189   89
19   90
190   91
191   92
192   93
193   94
194   95
195   96
196   97
197   98
198   99
199   100
2   101
20   102
200   103
201   104
202   105
203   106
204   107
205   108
206   109
207   110
208   111
209   112
21   113
210   114
212   115
213   116
214   117
215   118
216   119
218   120
219   121
22   122
220   123
222   124
224   125
225   126
226   127
227   128
228   129
229   130
23   131
230   132
231   133
232   134
233   135
234   136
235   137
236   138
237   139
238   140
239   141
24   142
240   143
241   144
242   145
243   146
244   147
245   148
246   149
247   150
248   151
249   152
25   153
250   154
251   155
252   156
253   157
254   158
255   159
256   160
257   161
258   162
26   163
260   164
261   165
262   166
263   167
264   168
265   169
267   170
268   171
269   172
27   173
270   174
271   175
272   176
273   177
274   178
275   179
276   180
277   181
278   182
279   183
28   184
280   185
281   186
282   187
283   188
284   189
285   190
286   191
287   192
288   193
289   194
29   195
290   196
291   197
292   198
293   199
294   200
295   201
296   202
297   203
298   204
299   205
3   206
30   207
300   208
301   209
302   210
303   211
304   212
305   213
306   214
307   215
308   216
309   217
31   218
310   219
311   220
312   221
313   222
314   223
315   224
316   225
317   226
318   227
319   228
32   229
320   230
321   231
322   232
323   233
324   234
326   235
327   236
328   237
329   238
33   239
330   240
331   241
332   242
333   243
334   244
335   245
336   246
337   247
338   248
339   249
34   250
340   251
341   252
342   253
343   254
344   255
345   256
346   257
347   258
348   259
349   260
35   261
350   262
351   263
352   264
353   265
354   266
355   267
356   268
357   269
358   270
359   271
36   272
360   273
361   274
362   275
363   276
365   277
366   278
367   279
368   280
369   281
37   282
370   283
371   284
372   285
373   286
374   287
375   288
376   289
377   290
378   291
379   292
38   293
380   294
381   295
382   296
383   297
384   298
385   299
386   300
387   301
388   302
389   303
39   304
390   305
391   306
392   307
394   308
395   309
396   310
397   311
398   312
399   313
4   314
40   315
400   316
401   317
402   318
403   319
404   320
405   321
406   322
407   323
409   324
410   325
411   326
412   327
413   328
414   329
415   330
416   331
417   332
418   333
419   334
42   335
420   336
421   337
422   338
424   339
425   340
426   341
427   342
429   343
43   344
430   345
431   346
432   347
433   348
434   349
435   350
436   351
437   352
438   353
439   354
44   355
440   356
441   357
442   358
443   359
444   360
446   361
447   362
448   363
449   364
45   365
450   366
451   367
453   368
454   369
455   370
456   371
457   372
458   373
46   374
460   375
461   376
462   377
463   378
465   379
466   380
467   381
468   382
469   383
473   384
474   385
476   386
477   387
478   388
479   389
48   390
480   391
481   392
482   393
484   394
485   395
487   396
488   397
489   398
49   399
490   400
492   401
493   402
494   403
495   404
496   405
497   406
498   407
499   408
5   409
500   410
501   411
502   412
503   413
505   414
506   415
508   416
51   417
511   418
512   419
515   420
517   421
518   422
519   423
52   424
520   425
521   426
522   427
523   428
524   429
526   430
527   431
53   432
531   433
533   434
534   435
535   436
536   437
537   438
538   439
540   440
542   441
543   442
544   443
545   444
546   445
547   446
548   447
550   448
552   449
555   450
557   451
558   452
559   453
56   454
560   455
563   456
565   457
566   458
567   459
568   460
569   461
573   462
575   463
576   464
577   465
578   466
579   467
58   468
580   469
582   470
584   471
588   472
590   473
591   474
595   475
596   476
597   477
6   478
60   479
601   480
602   481
61   482
62   483
64   484
65   485
66   486
67   487
68   488
69   489
7   490
70   491
71   492
72   493
73   494
74   495
75   496
76   497
77   498
78   499
79   500
8   501
80   502
81   503
83   504
84   505
85   506
86   507
87   508
88   509
89   510
9   511
91   512
92   513
93   514
94   515
95   516
96   517
97   518
98   519
99   520
