0    52.8956
1    90.4209
2    87.8493
3    50.0
4    15.1515
5    16.6667
6    43.9394
7    0.0
8    10.6061
9    100.0
10    98.4848
11    72.2054
12    61.8182
13    0.0
14    13.6364
15    54.5623
16    39.5833
17    16.6667
18    90.7576
19    98.4848
20    100.0
21    100.0
22    81.8182
23    74.8864
24    15.1515
25    100.0
26    12.1212
27    100.0
28    13.6364
29    13.6364
30    100.0
31    100.0
32    4.54545
33    12.1212
34    0.0
35    83.3333
36    24.2424
37    57.6515
38    65.1221
39    98.4848
40    96.8182
41    100.0
42    50.0
43    13.6364
44    100.0
45    100.0
46    27.2727
47    18.1818
48    22.7273
49    1.51515
50    98.4848
51    100.0
52    0.0
53    91.1364
54    0.0
55    100.0
56    100.0
57    100.0
58    19.697
59    19.697
60    100.0
61    100.0
62    91.7845
63    96.9697
64    84.9663
65    96.8182
66    98.3333
67    96.9697
68    98.4848
69    33.3333
70    100.0
71    95.303
72    31.8182
73    100.0
74    59.032
75    16.6667
76    92.2727
77    93.2197
78    100.0
79    100.0
80    86.1364
81    15.1515
82    0.0
83    33.3333
84    98.4848
85    15.1515
86    100.0
87    100.0
88    16.6667
89    93.9394
90    63.1987
91    18.1818
92    100.0
93    98.4848
94    100.0
95    100.0
96    22.7273
97    27.2727
98    100.0
99    12.1212
100    100.0
101    44.8864
102    100.0
103    16.6667
104    100.0
105    100.0
106    31.8182
107    12.1212
108    98.4848
109    100.0
110    0.0
111    91.8182
112    12.1212
113    50.0
114    0.0
115    95.303
116    96.8182
117    12.1212
118    0.0
119    16.6667
120    100.0
121    90.0
122    100.0
123    100.0
124    30.303
125    86.8182
126    100.0
127    50.0
128    18.1818
129    63.6364
130    100.0
131    94.7348
132    98.4848
133    13.6364
134    100.0
135    100.0
136    16.6667
137    0.0
138    100.0
139    0.0
140    76.1364
141    95.4545
142    46.9697
143    16.6667
144    95.1515
145    100.0
146    100.0
147    1.51515
148    0.0
149    100.0
150    31.8182
151    31.8182
152    33.3333
153    97.9167
154    100.0
155    94.8148
156    100.0
157    98.4848
158    27.2727
159    0.0
160    13.6364
161    0.0
162    96.8182
163    28.7879
164    100.0
165    98.3333
166    94.5833
167    100.0
168    6.06061
169    100.0
170    47.4242
171    100.0
172    46.9697
173    100.0
174    94.7348
175    92.2727
176    100.0
177    0.0
178    98.4848
179    100.0
180    30.303
181    96.9697
182    96.8182
183    100.0
184    96.9697
185    0.0
186    81.8182
187    100.0
188    88.5227
189    30.303
190    21.2121
191    87.9209
192    92.1212
193    15.1515
194    61.2121
195    3.0303
196    16.6667
197    98.4848
198    80.1515
199    100.0
200    96.6667
201    10.6061
202    45.4545
203    100.0
204    98.3333
205    86.0606
206    90.4545
207    95.303
208    22.7273
209    31.8182
210    100.0
211    15.1515
212    83.7205
213    100.0
214    100.0
215    31.8182
216    100.0
217    31.8182
218    96.8182
219    0.0
220    16.6667
221    100.0
222    100.0
223    100.0
224    33.3333
225    98.3333
226    100.0
227    0.0
228    16.6667
229    33.3333
230    16.6667
231    15.1515
232    98.4848
233    57.5758
234    31.8182
235    95.1515
236    16.6667
237    0.0
238    3.0303
239    100.0
240    98.4848
241    16.6667
242    44.8864
243    33.3333
244    16.6667
245    95.303
246    29.3561
247    12.1212
248    100.0
249    31.8182
250    100.0
251    100.0
252    41.6667
253    100.0
254    100.0
255    31.8182
256    0.0
257    100.0
258    95.1515
259    4.54545
260    100.0
261    100.0
262    100.0
263    16.6667
264    98.4848
265    16.6667
266    100.0
267    39.7727
268    100.0
269    100.0
270    33.3333
271    91.8561
272    0.0
273    100.0
274    91.936
275    96.8182
276    16.6667
277    84.3182
278    98.1481
279    50.0
280    16.6667
281    100.0
282    22.7273
283    100.0
284    98.3333
285    33.3333
286    16.6667
287    98.4848
288    0.0
289    100.0
290    100.0
291    100.0
292    60.6061
293    25.7576
294    16.6667
295    96.9697
296    16.6667
297    15.1515
298    16.6667
299    78.4848
300    93.0682
301    85.4209
302    0.0
303    100.0
304    100.0
305    43.75
306    95.0
307    28.7879
308    30.303
309    0.0
310    27.2727
311    100.0
312    10.6061
313    34.6591
314    100.0
315    100.0
316    91.9697
317    13.6364
318    98.4848
319    7.57576
320    100.0
321    16.6667
322    100.0
323    12.1212
324    100.0
325    100.0
326    0.0
327    96.8182
328    33.3333
329    30.303
330    15.1515
331    0.0
332    48.4848
333    16.6667
334    0.0
335    100.0
336    15.1515
337    100.0
338    19.697
339    100.0
340    100.0
341    16.6667
342    5.0
343    96.8182
344    89.9663
345    96.8182
346    70.7576
347    100.0
348    16.6667
349    95.303
350    100.0
351    15.1515
352    90.1515
353    67.3527
354    98.3333
355    15.1515
356    100.0
357    100.0
358    16.6667
359    25.7576
360    86.2121
361    100.0
362    100.0
363    88.0345
364    83.3333
365    95.303
366    51.3258
367    27.2727
368    93.3712
369    100.0
370    16.6667
371    100.0
372    18.1818
373    80.1515
374    16.6667
375    100.0
376    100.0
377    33.3333
378    34.2803
379    100.0
380    12.1212
381    18.75
382    50.0
383    98.4848
384    100.0
385    100.0
386    87.7273
387    100.0
388    100.0
389    21.2121
390    0.0
391    76.7045
392    100.0
393    100.0
394    100.0
395    100.0
396    15.1515
397    98.3333
398    95.4545
399    90.6061
400    31.8182
401    33.9015
402    100.0
403    83.3712
404    48.3333
405    16.6667
406    21.2121
407    93.4848
408    100.0
409    16.6667
410    27.6515
411    0.0
412    66.6667
413    100.0
414    0.0
415    98.3333
416    100.0
417    86.5194
418    100.0
419    66.6667
420    93.6364
421    28.7879
422    87.5421
423    100.0
424    15.1515
425    88.9394
426    100.0
427    15.1515
428    96.9697
429    91.9697
430    7.57576
431    9.09091
432    88.3712
433    75.0842
434    31.8182
435    88.6027
436    100.0
437    18.1818
438    100.0
439    98.3333
440    80.0
441    0.0
442    94.9663
443    100.0
444    93.6364
445    0.0
446    0.0
447    16.6667
448    33.3333
449    100.0
450    96.9697
451    17.2348
452    98.3333
453    98.3333
454    15.1515
455    16.6667
456    95.1515
457    91.5194
458    93.9394
